861050049710422 1
861050049718219 10
861050049720116 11
861050049719449 12
861050049717419 13
861050049718763 14
861050049717401 15
861050049717377 16
861050049723037 17
861050049723235 18
861050049709663 19
861050049712402 20
861050049722013 21
861050049717492 22
861050049719894 23
861050049720272 24
861050049701546 25
861050049720348 26
861050049701454 27
861050049717534 28
861050049718714 29
861050049719241 30
861050049710133 31
861050049719506 32
861050049710869 33
861050049718235 34
861050049720181 37
861050049718284 38
861050049703419 39
861050049722054 40